20,95.9279966661521
20.290906698750476,95.95805702753238
20.586044732869844,95.99236835883357
20.885475648548283,96.0253986857438
21.189261887185914,96.05592235016718
21.49746679841394,96.08057517355287
21.810154653305165,96.10150381546882
22.12739065777668,96.1173654520538
22.449240966187475,96.13411438371291
22.77577269513385,96.15555228599523
23.107053937445478,96.18127358864218
23.44315377638505,96.21040212532854
23.784142300054445,96.23642489042376
24.130090616010463,96.2557651521629
24.481070866093134,96.26335303700498
24.837156241469714,96.26408048709794
25.1984209978975,96.26200260276612
25.56494047120865,96.26264396150921
25.936791093020236,96.26875615679617
26.3140504066728,96.27941572234752
26.69679708340074,96.28893000129082
27.08511093873791,96.29422795435852
27.47907294916184,96.29429602475302
27.878765268980047,96.2932966087698
28.284271247461966,96.29413041709944
28.695675446220072,96.29577583849863
29.11306365684382,96.29541004439585
29.536522918790062,96.28867790349908
29.966141537533712,96.27321142014135
30.402009102982383,96.25592532628878
30.844216508158908,96.24310775303573
31.29285596815558,96.23558113843642
31.74802103936409,96.2285272201485
32.20980663898519,96.21475986055079
32.67830906482211,96.18986608285225
33.153626015361866,96.1569297653216
33.63585661014871,96.1241108865623
34.125101410453844,96.09898704847139
34.62146244024586,96.08553245987905
35.12504320746613,96.079989370722
35.635948725613716,96.07454233795974
36.15428553564419,96.06305196768703
36.68016172818701,96.04442199295953
37.21368696608603,96.0207314825294
37.754972507267915,95.99314677372082
38.30413122794313,95.96273995676307
38.86127764614443,95.92789962876455
39.4265279456077,95.88903825320317
40.000000000000206,95.84798666344065
40.58181339750116,95.80725919902069
41.1720894657399,95.76689314894753
41.77095129709678,95.72597038920674
42.37852377437204,95.68514127921607
42.9949335968281,95.64316401610556
43.62030930661056,95.59782816801348
44.25478131555359,95.54839385524508
44.89848193237519,95.49876627427307
45.55154539026795,95.45000635102559
46.21410787489121,95.3988771549165
46.88630755277036,95.34595370327142
47.56828460010916,95.29051837813998
48.260181232021196,95.23504580653642
48.962141732186545,95.1768853292843
49.674312482939705,95.1166629621403
50.39684199579528,95.054255110043
51.129880942417586,94.98834635668348
51.873582186040764,94.91822046787372
52.628100813345895,94.84309662575163
53.393594166801776,94.76118882899266
54.17022187747612,94.67630885805474
54.95814589832399,94.59777826975765
55.75753053796041,94.53037166456993
56.56854249492426,94.46435283918314
57.39135089244048,94.39335961069366
58.226127313687975,94.31716802426382
59.073045837580466,94.23910460001413
59.932283075067765,94.15833544702811
60.804018205965114,94.0735615166871
61.68843301631817,93.98358662104177
62.58571193631152,93.89094978548962
63.49604207872855,93.7968740539033
64.41961327797075,93.70300407501057
65.35661812964459,93.6096591938817
66.3072520307241,93.51615989791122
67.27171322029778,93.42287780131147
68.25020282090806,93.32894169371716
69.2429248804921,93.23291046299114
70.25008641493265,93.132199953677
71.27189745122783,93.02640841593154
72.30857107128878,92.9169393022098
73.36032345637442,92.80476084258315
74.42737393217246,92.69165217679515
75.50994501453623,92.57825800977274
76.60826245588666,92.46424031691367
77.72255529228926,92.3476669777648
78.85305589121582,92.22942179830738
80.00000000000082,92.1099466350729
81.16362679500274,91.98776395168137
82.34417893148023,91.86424470365507
83.541902594194,91.73974447527092
84.75704754874454,91.61484278497868
85.98986719365665,91.49095137338044
87.24061861322157,91.36667508757772
88.50956263110764,91.23996565834985
89.79696386475084,91.10950708461354
91.10309078053635,90.97862143082845
92.42821574978288,90.84705194515601
93.77261510554118,90.71364438181847
95.13656920021877,90.57838136978015
96.52036246404286,90.4413786989721
97.92428346437356,90.30379726038281
99.34862496587989,90.16725564824262
100.79368399159105,90.03501282862982
102.25976188483567,89.90606675037886
103.74716437208203,89.77626658946141
105.25620162669229,89.64345490343818
106.78718833360406,89.50915709864364
108.34044375495276,89.3746239272291
109.9162917966485,89.24230505093117
111.51506107592134,89.11399855245047
113.13708498984903,88.9887168496822
114.78270178488147,88.8633685775587
116.45225462737648,88.7399479688782
118.14609167516147,88.61771331005913
119.86456615013608,88.49807754056647
121.60803641193078,88.38063418426823
123.3768660326369,88.26767139589128
125.17142387262359,88.15535527101304
126.99208415745765,88.04466843995684
128.83922655594208,87.93906369336246
130.71323625928977,87.83679224284379
132.61450406144883,87.7409715474454
134.5434264405962,87.65193816881839
136.50040564181674,87.56732786824375
138.48584976098482,87.48713472086901
140.50017282986593,87.41199608775405
142.5437949024563,87.34318930963518
144.61714214257822,87.28173687650978
146.7206469127495,87.22814826073349
148.8547478643456,87.18117817372753
151.01989002907314,87.14149136063801
153.216524911774,87.10863249355451
155.4451105845792,87.0811691093374
157.70611178243232,87.05822588768292
160.00000000000236,87.04078624086908
162.3272535900062,87.03240185227031
164.6883578629612,87.03264884805563
167.08380518838874,87.04026855324338
169.51409509748981,87.05223330305094
171.97973438731407,87.06821515489882
174.4812372264439,87.08997308865769
177.01912526221608,87.11735244067722
179.5939277295025,87.1495328243862
182.20618156107355,87.18649164927552
184.85643149956664,87.22653224587918
187.54523021108326,87.26944787488236
190.27313840043846,87.31428618982456
193.04072492808663,87.36120533433419
195.84856692874806,87.41129305608284
198.69724993176072,87.46417830263609
201.58736798318304,87.5177620519407
204.5195237696723,87.57049524128236
207.49432874416505,87.62204363139779
210.5124032533856,87.67334031634236
213.57437666720915,87.72459578222751
216.68088750990657,87.77651221782229
219.83258359329807,87.8288334352169
223.03012215184378,87.88082340404132
226.2741699796992,87.93068423103655
229.5654035697641,87.97747473227092
232.90450925475412,88.02324107099851
236.2921833503241,88.06825809465107
239.72913230027333,88.11206544496609
243.21607282386276,88.15498969051285
246.75373206527502,88.19565819827689
250.34284774524843,88.23273232870312
253.9841683149166,88.2673094259648
257.67845311188546,88.29963038655777
261.42647251858085,88.3289827080595
265.22900812289896,88.3568992383419
269.08685288119375,88.38191444312976
273.0008112836349,88.4046297112422
276.97169952197106,88.42497262136183
281.00034565973334,88.44313941337487
285.0875898049141,88.45859887673673
289.23428428515797,88.47184820997481
293.44129382550057,88.48184866162137
297.7094957286928,88.48959170945552
302.0397800581479,88.495784310137
306.4330498235497,88.50064505233334
310.89022116916016,88.50216130431187
315.41222356486645,88.50083502552947
320.00000000000654,88.49714014775735
324.6545071800142,88.4924602504838
329.3767157259242,88.48508586678875
334.16761037677935,88.47572646702365
339.02819019498156,88.46436630512625
343.95946877463007,88.45012700279194
348.9624744528898,88.43508858193918
354.03825052443415,88.41902332263373
359.187855459007,88.40083825986723
364.4123631221491,88.38111544358135
369.71286299913527,88.36094046835237
375.0904604221685,88.33941467275471
380.54627680087896,88.31521811665162
386.08144985617537,88.2907856865615
391.6971338574982,88.2649826059085
397.3944998635236,88.23865381934411
403.1747359663683,88.21128448072969
409.0390475393468,88.1828996425072
414.9886574883323,88.15360319801432
421.0248065067734,88.12381142253786
427.1487533344206,88.09371513003082
433.3617750198154,88.06260424086561
439.6651671865984,88.03142085855241
446.06024430368984,87.99967277952084
452.54833995940066,87.96652562843522
459.13080713953053,87.93415184985926
465.8090185095106,87.9017523980378
472.58436670065066,87.86818609795517
479.45826460054917,87.83439712394726
486.432145647728,87.80071916493142
493.50746413055253,87.76725556888489
500.6856954904994,87.73387202906602
507.9683366298358,87.70194693247461
515.3569062237735,87.66921333213375
522.8529450371643,87.6371570625789
530.4580162458005,87.60577386906117
538.1737057623901,87.57486427667502
546.0016225672724,87.54459704384738
553.9433990439449,87.51433952451023
562.0006913194694,87.48510342639442
570.1751796098309,87.45562946726142
578.4685685703187,87.42734862416447
586.8825876510039,87.39934333422222
595.4189914573883,87.37271036951142
604.0795601162986,87.34714734777538
612.8660996471021,87.32257401796511
621.780442338323,87.29924958802256
630.8244471297356,87.27777123001594
640.0000000000159,87.25748191214436
649.3090143600314,87.23968847757243
658.7534314518515,87.22338515307139
668.3352207535618,87.2094836390436
678.0563803899662,87.1965630819778
687.9189375492632,87.18599721698162
697.9249489057827,87.17745220165405
708.0765010488715,87.17162601877328
718.3757109180171,87.16801963621992
728.8247262443015,87.16651379329225
739.425725998274,87.16814102323472
750.1809208443404,87.1732467306646
761.0925536017613,87.18128101576335
772.1628997123541,87.19275206374401
783.3942677149998,87.20791682787643
794.7889997270506,87.22693057134725
806.34947193274,87.24954266030957
818.0780950786972,87.27563358470296
829.9773149766683,87.30574243120029
842.0496130135506,87.3405964659583
854.2975066688449,87.38133776661421
866.7235500396347,87.42827573606704
879.3303343732008,87.48022982150405
892.1204886073838,87.53914279908575
905.0966799188055,87.60350317505934
918.2616142790653,87.67468092699106
931.6180370190256,87.75199426157465
945.1687334013056,87.83544676624969
958.9165292011028,87.92598208851192
972.8642912954606,88.02258796768068
987.0149282611097,88.12322466434287
1001.3713909810035,88.22805342378061
1015.9366732596762,88.33464349636982
1030.7138124475518,88.44372064486775
1045.7058900743334,88.55490813727624
1060.916032491606,88.66870028028227
1076.3474115247852,88.78462475946586
1092.0032451345498,88.90203695038332
1107.8867980878947,89.01967117373246
1124.0013826389438,89.13710612479517
1140.350359219667,89.25370516874273
1156.9371371406426,89.36896961604035
1173.765175302013,89.48296579787055
1190.837982914782,89.59347111080852
1208.1591202326028,89.70384696958004
1225.73219929421,89.81165206260677
1243.5608846766518,89.91889156039083
1261.648894259477,90.02539013264172
1280.0000000000375,90.13255630442426
1298.6180287200684,90.23790136006404
1317.5068629037087,90.34455239995734
1336.6704415071292,90.44798406988014
1356.112760779938,90.55159613219122
1375.8378750985323,90.65336564706249
1395.8498978115715,90.75422789944155
1416.153002097749,90.85315910725753
1436.7514218360407,90.95195452594243
1457.6494524886093,91.0499965566323
1478.8514519965543,91.14819886453503
1500.3618416886875,91.24638921645048
1522.1851072035295,91.34513098152449
1544.3257994247153,91.44451641900145
1566.788535430007,91.5445411102001
1589.5779994541087,91.64751811324051
1612.6989438654878,91.75347776807263
1636.156190157402,91.86226997509054
1659.9546299533442,91.97441392426127
1684.099226027109,92.08964975069962
1708.5950133376978,92.20748768337862
1733.4471000792773,92.3283306163567
1758.6606687464096,92.45292379904447
1784.2409772147755,92.58100869543345
1810.193359837619,92.71239949911701
1836.5232285581387,92.84740357849685
1863.2360740380593,92.98599095091926
1890.3374668026197,93.12825880274312
1917.833058402214,93.27445471295677
1945.7285825909298,93.42434227565586
1974.0298565222283,93.57857192504343
2002.7427819620161,93.73873918704552
2031.8733465193618,93.90218590189366
2061.4276248951132,94.07076075596022
2091.411780148677,94.24267234010556
2121.832064983222,94.41710501076297
2152.694823049581,94.59481432007955
2184.0064902691106,94.77410545539988
2215.7735961758003,94.95512848406392
2248.002765277899,95.13774620244425
2280.7007184393456,95.3214398149791
2313.874274281297,95.50407795204302
2347.530350604038,95.6867137737002
2381.6759658295764,95.86808378844428
2416.318240465218,96.04815494803776
2451.4643985884327,96.22459488669763
2487.1217693533167,96.39832980414776
2523.2977885189675,96.56693994961793
2560.0000000000887,96.72970354296629
2597.236057440151,96.88566376814137
2635.0137258074315,97.03497193295705
2673.340883014273,97.1740182766107
2712.225521559891,97.3049622403884
2751.6757501970797,97.42379817187197
2791.699795623158,97.53138268882769
2832.3060041955137,97.6259778005063
2873.502843672097,97.70871420834698
2915.2989049772345,97.77919588285457
2957.7029039931244,97.83779957501534
3000.723683377391,97.88386202309897
3044.370214407075,97.91604474089843
3088.6515988494466,97.93620936395219
3133.57707086003,97.94629210005183
3179.1559989082334,97.94575354455786
3225.3978877309914,97.93604314351639
3272.3123803148205,97.91790701741448
3319.9092599067053,97.89298155849792
3368.198452054235,97.86190064997112
3417.190026675413,97.82497847607814
3466.8942001585724,97.78378002903564
3517.3213374928373,97.73932161759309
3568.4819544295697,97.69205714999339
3620.386719675257,97.6430807987385
3673.0464571162966,97.59350920356985
3726.472148076138,97.54400514250098
3780.6749336052594,97.49492022401154
3835.6661168044484,97.44566087066922
3891.45716518188,97.39796887244536
3948.059713044477,97.3487326321283
4005.4855639240527,97.29856417238264
4063.746693038744,97.24459926846
4122.855249790247,97.18786067277104
4182.823560297375,97.12977002258009
4243.664129966465,97.06903489933737
4305.389646099183,97.00462994381114
4368.012980538242,96.93565502743836
4431.5471923516225,96.86212897886915
4496.00553055582,96.78391164784163
4561.401436878714,96.7026831123095
4627.748548562617,96.61993861171223
4695.060701208099,96.53978675963907
4763.351931659176,96.4661934841749
4832.63648093046,96.40312194364165
4902.928797176889,96.35207804752798
4974.243538706657,96.31852807738792
5046.595577037959,96.2982400635367
5120.000000000202,96.29257455480612
5194.472114880326,96.2946751378831
5270.027451614888,96.29743440273558
5346.6817660285715,96.29540530208831
5424.451043119808,96.28280814089692
5503.351500394186,96.25309581655804
5583.399591246343,96.20464884503156
5664.612008391055,96.13562532623058
5747.005687344222,96.05010551324555
5830.597809954497,95.95014437461332
5915.405807986278,95.83932979626073
6001.447366754812,95.72347249005377
6088.740428814181,95.61084312584052
6177.303197698925,95.50857007190159
6267.154141720092,95.4221292773399
6358.3119978165005,95.36180687592878
6450.795775462017,95.3305964464037
6544.624760629676,95.33457731593049
6639.818519813445,95.37953638591114
6736.396904108505,95.47175987098501
6834.380053350861,95.61816356393169
6933.788400317181,95.82779002617418
7034.642674985712,96.10891356699521
7136.963908859177,96.46841190562964
7240.773439350552,96.90909209513343
7346.092914232631,97.42860152283055
7452.944296152315,98.01318919379757
7561.349867210557,98.6334177724886
7671.332233608935,99.23246707935033
7782.914330363799,99.74331689410099
7896.119426088994,100.07830719434486
8010.971127848146,100.11262779728241
8127.49338607753,99.7710396815711
8245.710499580537,99.02950679126515
8365.647120594791,97.91693279597133
8487.328259932974,96.56581799774115
8610.77929219841,95.0848726926756
8736.025961076528,93.60027316127827
8863.094384703289,92.20323241149184
8992.011061111683,90.93482927892633
9122.802873757471,89.81065172741047
9255.497097125279,88.83034750194305
9390.121402416245,87.97186885390558
9526.7038633184,87.22493181955176
9665.272961860968,86.57579757104031
9805.857594353829,86.01455007282463
9948.487077413367,85.53636379648042
10093.19115407597,85.14343289326798
10240.000000000457,84.82340255668787
10388.944229760706,84.57657201537914
10540.05490322983,84.40820461865513
10693.363532057198,84.31356146675658
10848.902086239672,84.30069775459914
11006.703000788428,84.37639733580164
11166.799182492743,84.54207147682307
11329.224016782166,84.82352675828393
11494.0113746885,85.20373215163374
11661.195619909053,85.74168669052696
11830.811615972614,86.37720781380573
12002.894733509682,87.13028841502675
12177.48085762842,87.9167296713527
12354.606395397908,88.65934565143797
12534.308283440243,89.28645107805477
12716.62399563306,89.71054646724004
12901.591550924093,89.90581416225457
13089.249521259411,89.99620207632951
13279.637039626952,89.85994159190778
13472.793808217073,89.40954297671503
13668.760106701786,88.64820757849236
13867.576800634426,87.6707842384291
14069.285349971487,86.60988397361399
14273.927817718419,85.54132326904192
14481.54687870117,84.54641741792263
14692.18582846533,83.68816710187821
14905.888592304698,82.98298399622793
15122.699734421185,82.45872459603937
15342.664467217943,82.13891340275306
15565.828660727671,82.04425441138419
15792.238852178061,82.19185229686833
16021.942255696367,82.58538934867904
16254.986772155136,83.16669809950376
16491.42099916115,83.79436573355031
16731.294241189662,84.31825116140757
16974.65651986603,84.6558604511402
17221.558584396902,84.77317457739574
17472.051922153143,84.68047519896936
17726.188769406665,84.41365939813524
17984.022122223458,84.02135898857145
18245.605747515034,83.53802673717195
18510.99419425065,82.96880078992253
18780.242804832582,82.2800992783677
19053.40772663689,81.40293302044053
19330.545923722028,80.27818298506595
19611.71518870775,78.99966555191591
19896.974154826825,78.38101107785272
20186.382308152035,78.38129733513753