* Measurement data measured by REW V5.40 beta 105
* Source: Microphone (USB Multi-Channel Audio Device), MICROPHONE (Master Volume), L, volume: 0.490
* Format: 256k Log Swept Sine, 1 sweep at -6.0 dBFS with no timing reference
* Dated: Nov 19, 2025 9:23:37 PM
* REW Settings:
*  C-weighting compensation: Off
*  Target level: 75.0 dB
* Note: ; 
* Measurement: ZAX 200 Mesh + Tri Clarion
* Smoothing: 1/24 octave
* Frequency Step: 96 ppo
* Start Frequency: 20.0 Hz
*
* Freq(Hz) SPL(dB) Phase(degrees)
19.995176 90.781 57.5275
20.140070 90.809 57.0754
20.286013 90.835 56.6247
20.433014 90.862 56.1750
20.581080 90.888 55.7266
20.730219 90.913 55.2792
20.880438 90.938 54.8327
21.031747 90.963 54.3871
21.184151 90.988 53.9424
21.337660 91.012 53.4984
21.492282 91.036 53.0550
21.648024 91.060 52.6123
21.804894 91.084 52.1702
21.962902 91.107 51.7286
22.122054 91.131 51.2875
22.282359 91.153 50.8470
22.443827 91.176 50.4070
22.606464 91.198 49.9675
22.770280 91.219 49.5287
22.935282 91.241 49.0904
23.101481 91.261 48.6527
23.268884 91.282 48.2158
23.437500 91.301 47.7797
23.607337 91.321 47.3443
23.778406 91.340 46.9099
23.950714 91.358 46.4764
24.124271 91.377 46.0439
24.299085 91.395 45.6124
24.475166 91.412 45.1820
24.652524 91.430 44.7527
24.831166 91.446 44.3245
25.011103 91.463 43.8975
25.192344 91.478 43.4717
25.374898 91.494 43.0471
25.558775 91.509 42.6237
25.743984 91.523 42.2015
25.930536 91.538 41.7806
26.118439 91.552 41.3611
26.307704 91.566 40.9429
26.498340 91.579 40.5261
26.690358 91.593 40.1108
26.883768 91.606 39.6969
27.078578 91.618 39.2844
27.274801 91.630 38.8734
27.472445 91.641 38.4638
27.671522 91.652 38.0555
27.872041 91.663 37.6484
28.074014 91.673 37.2426
28.277450 91.684 36.8377
28.482360 91.693 36.4338
28.688755 91.703 36.0307
28.896645 91.712 35.6285
29.106042 91.721 35.2271
29.316956 91.730 34.8264
29.529399 91.738 34.4268
29.743381 91.746 34.0283
29.958914 91.754 33.6311
30.176009 91.761 33.2355
30.394677 91.767 32.8418
30.614929 91.773 32.4502
30.836777 91.778 32.0610
31.060233 91.784 31.6743
31.285309 91.789 31.2904
31.512015 91.793 30.9090
31.740364 91.798 30.5303
31.970368 91.803 30.1539
32.202038 91.808 29.7796
32.435387 91.813 29.4070
32.670428 91.817 29.0358
32.907171 91.822 28.6655
33.145630 91.827 28.2957
33.385817 91.831 27.9261
33.627744 91.836 27.5564
33.871425 91.841 27.1863
34.116871 91.845 26.8157
34.364096 91.849 26.4444
34.613112 91.853 26.0726
34.863933 91.856 25.7003
35.116572 91.859 25.3278
35.371041 91.861 24.9552
35.627354 91.863 24.5830
35.885524 91.865 24.2115
36.145566 91.866 23.8412
36.407491 91.867 23.4723
36.671315 91.867 23.1053
36.937051 91.866 22.7406
37.204712 91.865 22.3784
37.474312 91.864 22.0188
37.745867 91.863 21.6619
38.019389 91.862 21.3077
38.294893 91.860 20.9561
38.572393 91.859 20.6068
38.851905 91.857 20.2595
39.133442 91.856 19.9138
39.417019 91.854 19.5695
39.702651 91.852 19.2262
39.990353 91.850 18.8836
40.280139 91.848 18.5415
40.572026 91.846 18.1998
40.866027 91.843 17.8583
41.162159 91.840 17.5171
41.460437 91.837 17.1763
41.760877 91.834 16.8358
42.063493 91.831 16.4960
42.368303 91.827 16.1568
42.675321 91.823 15.8185
42.984564 91.819 15.4813
43.296048 91.814 15.1451
43.609789 91.810 14.8102
43.925803 91.805 14.4766
44.244108 91.799 14.1444
44.564719 91.794 13.8135
44.887653 91.788 13.4841
45.212928 91.782 13.1559
45.540559 91.776 12.8291
45.870565 91.770 12.5034
46.202962 91.763 12.1790
46.537767 91.756 11.8556
46.874999 91.749 11.5333
47.214675 91.742 11.2120
47.556812 91.735 10.8918
47.901428 91.727 10.5728
48.248542 91.719 10.2546
48.598170 91.710 9.9376
48.950333 91.702 9.6215
49.305047 91.692 9.3063
49.662332 91.683 8.9919
50.022206 91.674 8.6781
50.384687 91.664 8.3650
50.749795 91.654 8.0524
51.117549 91.644 7.7404
51.487968 91.634 7.4290
51.861071 91.623 7.1185
52.236878 91.613 6.8090
52.615408 91.602 6.5007
52.996681 91.591 6.1938
53.380716 91.580 5.8884
53.767535 91.570 5.5845
54.157157 91.558 5.2820
54.549602 91.547 4.9808
54.944891 91.534 4.6811
55.343044 91.521 4.3827
55.744083 91.508 4.0858
56.148027 91.496 3.7905
56.554899 91.484 3.4968
56.964719 91.472 3.2050
57.377509 91.460 2.9149
57.793290 91.447 2.6262
58.212084 91.435 2.3389
58.633913 91.422 2.0526
59.058798 91.408 1.7668
59.486763 91.394 1.4818
59.917828 91.380 1.1971
60.352018 91.365 0.9131
60.789353 91.349 0.6299
61.229858 91.333 0.3477
61.673555 91.315 0.0664
62.120467 91.297 -0.2137
62.570617 91.278 -0.4928
63.024030 91.261 -0.7706
63.480728 91.245 -1.0471
63.940735 91.229 -1.3219
64.404076 91.214 -1.5945
64.870775 91.198 -1.8649
65.340855 91.181 -2.1327
65.814342 91.162 -2.3984
66.291260 91.143 -2.6627
66.771634 91.124 -2.9264
67.255488 91.105 -3.1904
67.742849 91.087 -3.4551
68.233742 91.069 -3.7204
68.728192 91.051 -3.9858
69.226225 91.032 -4.2506
69.727866 91.014 -4.5142
70.233143 90.996 -4.7764
70.742082 90.978 -5.0371
71.254708 90.960 -5.2968
71.771049 90.943 -5.5557
72.291131 90.926 -5.8144
72.814983 90.908 -6.0730
73.342630 90.889 -6.3312
73.874101 90.868 -6.5887
74.409423 90.847 -6.8446
74.948625 90.825 -7.0983
75.491733 90.802 -7.3489
76.038777 90.779 -7.5963
76.589786 90.756 -7.8402
77.144787 90.733 -8.0809
77.703810 90.709 -8.3191
78.266884 90.686 -8.5552
78.834038 90.662 -8.7903
79.405302 90.639 -9.0256
79.980705 90.617 -9.2627
80.560278 90.595 -9.5027
81.144051 90.574 -9.7465
81.732055 90.552 -9.9935
82.324319 90.528 -10.2420
82.920875 90.503 -10.4890
83.521754 90.477 -10.7311
84.126987 90.449 -10.9659
84.736605 90.421 -11.1930
85.350642 90.392 -11.4136
85.969128 90.364 -11.6307
86.592096 90.336 -11.8474
87.219578 90.309 -12.0659
87.851607 90.281 -12.2870
88.488216 90.253 -12.5095
89.129438 90.225 -12.7316
89.775306 90.194 -12.9512
90.425855 90.162 -13.1673
91.081118 90.128 -13.3800
91.741129 90.093 -13.5898
92.405924 90.058 -13.7970
93.075535 90.022 -14.0012
93.749999 89.986 -14.2021
94.429350 89.948 -14.3986
95.113624 89.909 -14.5897
95.802856 89.866 -14.7732
96.497083 89.821 -14.9462
97.196341 89.774 -15.1050
97.900666 89.726 -15.2455
98.610094 89.678 -15.3654
99.324664 89.628 -15.4632
100.044411 89.579 -15.5389
100.769374 89.530 -15.5913
101.499591 89.481 -15.6167
102.235098 89.432 -15.6077
102.975936 89.383 -15.5554
103.722142 89.338 -15.4531
104.473756 89.297 -15.3001
105.230815 89.265 -15.1047
105.993361 89.243 -14.8842
106.761433 89.234 -14.6628
107.535070 89.235 -14.4677
108.314314 89.247 -14.3230
109.099204 89.265 -14.2452
109.889782 89.287 -14.2399
110.686088 89.308 -14.3026
111.488165 89.326 -14.4214
112.296055 89.340 -14.5813
113.109798 89.348 -14.7664
113.929438 89.351 -14.9628
114.755018 89.350 -15.1594
115.586580 89.345 -15.3507
116.424168 89.339 -15.5364
117.267826 89.332 -15.7203
118.117597 89.325 -15.9086
118.973525 89.319 -16.1068
119.835657 89.313 -16.3190
120.704035 89.305 -16.5474
121.578706 89.295 -16.7913
122.459716 89.282 -17.0473
123.347109 89.266 -17.3096
124.240933 89.246 -17.5726
125.141234 89.223 -17.8325
126.048059 89.199 -18.0875
126.961456 89.173 -18.3368
127.881471 89.145 -18.5797
128.808153 89.116 -18.8159
129.741550 89.085 -19.0443
130.681710 89.053 -19.2629
131.628684 89.019 -19.4691
132.582520 88.985 -19.6617
133.543267 88.951 -19.8419
134.510977 88.916 -20.0124
135.485699 88.882 -20.1755
136.467484 88.848 -20.3321
137.456384 88.814 -20.4826
138.452449 88.780 -20.6272
139.455733 88.746 -20.7660
140.466286 88.713 -20.8989
141.484163 88.679 -21.0260
142.509416 88.645 -21.1472
143.542098 88.612 -21.2637
144.582263 88.578 -21.3767
145.629965 88.545 -21.4872
146.685260 88.511 -21.5953
147.748202 88.477 -21.7006
148.818846 88.442 -21.8027
149.897249 88.407 -21.9010
150.983466 88.372 -21.9949
152.077555 88.336 -22.0839
153.179572 88.301 -22.1677
154.289574 88.265 -22.2461
155.407620 88.230 -22.3183
156.533767 88.194 -22.3840
157.668076 88.159 -22.4435
158.810603 88.125 -22.4971
159.961411 88.092 -22.5432
161.120557 88.061 -22.5787
162.288103 88.033 -22.6012
163.464109 88.009 -22.6119
164.648638 87.989 -22.6162
165.841750 87.975 -22.6195
167.043507 87.964 -22.6238
168.253973 87.953 -22.6276
169.473211 87.938 -22.6281
170.701284 87.918 -22.6245
171.938256 87.891 -22.6188
173.184191 87.858 -22.6155
174.439155 87.819 -22.6188
175.703213 87.772 -22.6313
176.976431 87.718 -22.6542
178.258875 87.661 -22.6874
179.550613 87.605 -22.7303
180.851710 87.554 -22.7820
182.162236 87.508 -22.8425
183.482259 87.467 -22.9126
184.811847 87.432 -22.9916
186.151070 87.401 -23.0758
187.499997 87.374 -23.1608
188.858700 87.348 -23.2426
190.227248 87.323 -23.3203
191.605713 87.298 -23.3945
192.994167 87.273 -23.4666
194.392682 87.247 -23.5376
195.801331 87.221 -23.6074
197.220189 87.193 -23.6733
198.649327 87.164 -23.7310
200.088822 87.134 -23.7773
201.538748 87.103 -23.8126
202.999181 87.071 -23.8408
204.470197 87.040 -23.8663
205.951872 87.008 -23.8920
207.444284 86.975 -23.9176
208.947511 86.941 -23.9410
210.461631 86.905 -23.9602
211.986723 86.868 -23.9732
213.522866 86.829 -23.9781
215.070141 86.789 -23.9725
216.628627 86.748 -23.9550
218.198408 86.705 -23.9257
219.779563 86.663 -23.8850
221.372177 86.619 -23.8323
222.976331 86.576 -23.7660
224.592109 86.533 -23.6846
226.219596 86.490 -23.5862
227.858877 86.448 -23.4684
229.510036 86.408 -23.3287
231.173160 86.371 -23.1664
232.848336 86.337 -22.9840
234.535651 86.308 -22.7881
236.235193 86.286 -22.5892
237.947051 86.270 -22.4011
239.671313 86.260 -22.2394
241.408071 86.254 -22.1195
243.157413 86.251 -22.0526
244.919432 86.247 -22.0405
246.694219 86.240 -22.0746
248.481867 86.228 -22.1414
250.282469 86.210 -22.2252
252.096119 86.187 -22.3110
253.922911 86.159 -22.3881
255.762941 86.128 -22.4496
257.616305 86.093 -22.4938
259.483099 86.057 -22.5209
261.363421 86.020 -22.5323
263.257368 85.982 -22.5304
265.165039 85.944 -22.5193
267.086534 85.906 -22.5010
269.021953 85.867 -22.4752
270.971397 85.829 -22.4432
272.934968 85.792 -22.4060
274.912767 85.754 -22.3627
276.904898 85.716 -22.3116
278.911465 85.678 -22.2519
280.932573 85.641 -22.1841
282.968326 85.604 -22.1104
285.018831 85.568 -22.0321
287.084195 85.531 -21.9493
289.164526 85.496 -21.8619
291.259931 85.460 -21.7717
293.370520 85.424 -21.6793
295.496404 85.388 -21.5836
297.637693 85.351 -21.4838
299.794498 85.313 -21.3790
301.966933 85.276 -21.2687
304.155110 85.238 -21.1560
306.359143 85.201 -21.0438
308.579148 85.165 -20.9308
310.815239 85.129 -20.8155
313.067535 85.094 -20.6974
315.336151 85.060 -20.5759
317.621207 85.026 -20.4501
319.922821 84.992 -20.3208
322.241114 84.958 -20.1894
324.576206 84.924 -20.0565
326.928219 84.891 -19.9229
329.297275 84.857 -19.7881
331.683499 84.824 -19.6505
334.087014 84.790 -19.5101
336.507947 84.757 -19.3661
338.946422 84.724 -19.2175
341.402567 84.691 -19.0641
343.876511 84.658 -18.9051
346.368382 84.626 -18.7414
348.878310 84.595 -18.5759
351.406426 84.563 -18.4114
353.952862 84.532 -18.2477
356.517750 84.501 -18.0825
359.101225 84.470 -17.9162
361.703421 84.439 -17.7507
364.324473 84.409 -17.5854
366.964518 84.377 -17.4174
369.623694 84.346 -17.2437
372.302140 84.315 -17.0631
374.999995 84.286 -16.8779
377.717399 84.256 -16.6901
380.454495 84.227 -16.4999
383.211425 84.198 -16.3066
385.988333 84.169 -16.1094
388.785364 84.140 -15.9088
391.602663 84.111 -15.7076
394.440377 84.082 -15.5057
397.298655 84.052 -15.3010
400.177644 84.024 -15.0939
403.077497 83.995 -14.8865
405.998362 83.967 -14.6805
408.940394 83.940 -14.4764
411.903744 83.913 -14.2714
414.888569 83.887 -14.0627
417.895022 83.860 -13.8516
420.923262 83.833 -13.6367
423.973445 83.806 -13.4152
427.045732 83.778 -13.1860
430.140281 83.752 -12.9515
433.257255 83.726 -12.7151
436.396816 83.701 -12.4792
439.559127 83.676 -12.2434
442.744354 83.651 -12.0053
445.952662 83.626 -11.7652
449.184218 83.602 -11.5244
452.439192 83.577 -11.2827
455.717753 83.552 -11.0388
459.020072 83.528 -10.7927
462.346321 83.504 -10.5444
465.696673 83.481 -10.2933
469.071303 83.457 -10.0383
472.470387 83.434 -9.7783
475.894102 83.411 -9.5126
479.342627 83.388 -9.2433
482.816141 83.365 -8.9740
486.314826 83.343 -8.7068
489.838864 83.321 -8.4412
493.388438 83.300 -8.1748
496.963734 83.278 -7.9033
500.564938 83.257 -7.6240
504.192238 83.236 -7.3379
507.845823 83.216 -7.0482
511.525883 83.197 -6.7574
515.232610 83.178 -6.4674
518.966198 83.160 -6.1781
522.726841 83.141 -5.8881
526.514735 83.123 -5.5966
530.330078 83.104 -5.3024
534.173068 83.086 -5.0053
538.043907 83.068 -4.7076
541.942795 83.051 -4.4100
545.869936 83.034 -4.1088
549.825534 83.017 -3.7994
553.809797 83.001 -3.4823
557.822931 82.985 -3.1624
561.865146 82.970 -2.8440
565.936652 82.954 -2.5262
570.037662 82.938 -2.2064
574.168390 82.923 -1.8834
578.329051 82.909 -1.5592
582.519862 82.895 -1.2355
586.741041 82.881 -0.9092
590.992808 82.868 -0.5767
595.275386 82.857 -0.2377
599.588997 82.846 0.1049
603.933866 82.836 0.4487
608.310219 82.826 0.7928
612.718286 82.816 1.1376
617.158295 82.806 1.4834
621.630479 82.796 1.8309
626.135069 82.787 2.1830
630.672302 82.778 2.5408
635.242414 82.770 2.9005
639.845642 82.762 3.2598
644.482227 82.755 3.6210
649.152411 82.747 3.9862
653.856437 82.741 4.3545
658.594551 82.734 4.7241
663.366998 82.729 5.0935
668.174029 82.724 5.4628
673.015893 82.719 5.8353
677.892844 82.716 6.2119
682.805135 82.713 6.5883
687.753022 82.712 6.9618
692.736764 82.711 7.3322
697.756620 82.711 7.7002
702.812853 82.711 8.0657
707.905724 82.711 8.4264
713.035501 82.712 8.7806
718.202450 82.714 9.1272
723.406841 82.715 9.4639
728.648945 82.716 9.7854
733.929036 82.715 10.0858
739.247388 82.711 10.3628
744.604279 82.701 10.6188
749.999989 82.682 10.8584
755.434798 82.651 11.0984
760.908990 82.604 11.3961
766.422850 82.546 11.8434
771.976666 82.489 12.5050
777.570727 82.453 13.3411
783.205325 82.445 14.2250
788.880754 82.461 15.0444
794.597309 82.489 15.7627
800.355289 82.518 16.4016
806.154993 82.543 17.0034
811.996725 82.562 17.6094
817.880788 82.578 18.2498
823.807489 82.595 18.9420
829.777138 82.618 19.6902
835.790045 82.654 20.4803
841.846524 82.705 21.2741
847.946891 82.773 22.0160
854.091464 82.851 22.6582
860.280562 82.933 23.1802
866.514510 83.012 23.5945
872.793631 83.084 23.9369
879.118254 83.146 24.2427
885.488707 83.201 24.5371
891.905323 83.249 24.8371
898.368437 83.293 25.1499
904.878385 83.333 25.4769
911.435507 83.371 25.8174
918.040144 83.408 26.1678
924.692641 83.445 26.5281
931.393345 83.482 26.8987
938.142606 83.520 27.2803
944.940774 83.559 27.6724
951.788204 83.599 28.0706
958.685254 83.641 28.4710
965.632282 83.684 28.8696
972.629652 83.729 29.2604
979.677727 83.775 29.6416
986.776876 83.824 30.0162
993.927468 83.874 30.3870
1001.129876 83.924 30.7531
1008.384476 83.975 31.1158
1015.691645 84.026 31.4760
1023.051766 84.077 31.8326
1030.465221 84.128 32.1838
1037.932396 84.179 32.5283
1045.453682 84.232 32.8656
1053.029471 84.285 33.1973
1060.660156 84.339 33.5256
1068.346137 84.396 33.8495
1076.087813 84.454 34.1679
1083.885589 84.512 34.4825
1091.739871 84.570 34.7934
1099.651068 84.630 35.0981
1107.619593 84.690 35.3943
1115.645861 84.752 35.6834
1123.730291 84.814 35.9677
1131.873304 84.876 36.2475
1140.075325 84.937 36.5215
1148.336780 84.999 36.7888
1156.658102 85.061 37.0508
1165.039724 85.124 37.3096
1173.482082 85.187 37.5662
1181.985617 85.251 37.8193
1190.550772 85.315 38.0657
1199.177993 85.381 38.3033
1207.867731 85.447 38.5355
1216.620439 85.514 38.7656
1225.436572 85.581 38.9929
1234.316591 85.649 39.2171
1243.260957 85.717 39.4376
1252.270139 85.786 39.6536
1261.344604 85.855 39.8663
1270.484827 85.926 40.0768
1279.691284 86.000 40.2849
1288.964455 86.078 40.4893
1298.304823 86.159 40.6905
1307.712874 86.242 40.8907
1317.189101 86.327 41.0908
1326.733996 86.412 41.2898
1336.348058 86.496 41.4853
1346.031787 86.581 41.6744
1355.785688 86.665 41.8575
1365.610270 86.748 42.0381
1375.506045 86.831 42.2177
1385.473529 86.913 42.3940
1395.513241 86.996 42.5657
1405.625705 87.079 42.7342
1415.811448 87.162 42.8998
1426.071002 87.246 43.0616
1436.404900 87.331 43.2203
1446.813682 87.416 43.3762
1457.297890 87.503 43.5277
1467.858072 87.590 43.6728
1478.494776 87.678 43.8104
1489.208559 87.766 43.9408
1499.999978 87.856 44.0647
1510.869596 87.946 44.1831
1521.817980 88.037 44.2975
1532.845701 88.128 44.4082
1543.953332 88.220 44.5139
1555.141455 88.312 44.6122
1566.410651 88.406 44.7008
1577.761508 88.500 44.7789
1589.194618 88.595 44.8475
1600.710578 88.692 44.9064
1612.309986 88.789 44.9536
1623.993449 88.888 44.9883
1635.761575 88.987 45.0110
1647.614978 89.087 45.0215
1659.554275 89.188 45.0190
1671.580089 89.290 45.0032
1683.693048 89.394 44.9737
1695.893782 89.498 44.9286
1708.182927 89.604 44.8669
1720.561125 89.711 44.7875
1733.029020 89.820 44.6887
1745.587263 89.929 44.5686
1758.236508 90.039 44.4268
1770.977414 90.150 44.2646
1783.810646 90.261 44.0818
1796.736874 90.373 43.8766
1809.756770 90.485 43.6457
1822.871013 90.598 43.3872
1836.080288 90.711 43.1018
1849.385283 90.825 42.7893
1862.786691 90.941 42.4481
1876.285211 91.056 42.0769
1889.881547 91.172 41.6741
1903.576408 91.289 41.2383
1917.370507 91.404 40.7688
1931.264564 91.520 40.2646
1945.259304 91.634 39.7254
1959.355454 91.746 39.1510
1973.553752 91.857 38.5396
1987.854936 91.965 37.8908
2002.259752 92.071 37.2046
2016.768952 92.173 36.4798
2031.383291 92.273 35.7162
2046.103531 92.369 34.9132
2060.930441 92.461 34.0710
2075.864793 92.547 33.1921
2090.907365 92.628 32.2798
2106.058941 92.703 31.3364
2121.320313 92.772 30.3632
2136.692274 92.834 29.3606
2152.175627 92.890 28.3300
2167.771179 92.938 27.2735
2183.479742 92.980 26.1943
2199.302137 93.013 25.0983
2215.239187 93.038 23.9916
2231.291723 93.053 22.8792
2247.460582 93.058 21.7684
2263.746608 93.054 20.6671
2280.150649 93.039 19.5818
2296.673561 93.016 18.5191
2313.316204 92.985 17.4860
2330.079447 92.947 16.4889
2346.964163 92.904 15.5325
2363.971233 92.857 14.6182
2381.101543 92.807 13.7423
2398.355986 92.754 12.8965
2415.735463 92.699 12.0739
2433.240878 92.640 11.2719
2450.873144 92.577 10.4925
2468.633181 92.510 9.7413
2486.521915 92.439 9.0265
2504.540278 92.366 8.3544
2522.689209 92.291 7.7283
2540.969655 92.218 7.1453
2559.382568 92.146 6.5943
2577.928909 92.077 6.0599
2596.609645 92.008 5.5277
2615.425749 91.939 4.9899
2634.378202 91.867 4.4484
2653.467992 91.792 3.9105
2672.696115 91.711 3.3866
2692.063573 91.625 2.8875
2711.571376 91.534 2.4209
2731.220539 91.439 1.9919
2751.012089 91.342 1.6050
2770.947057 91.243 1.2632
2791.026482 91.143 0.9677
2811.251410 91.043 0.7177
2831.622897 90.944 0.5103
2852.142003 90.846 0.3419
2872.809800 90.749 0.2103
2893.627364 90.653 0.1115
2914.595781 90.558 0.0400
2935.716143 90.465 -0.0066
2956.989553 90.373 -0.0313
2978.417118 90.282 -0.0374
2999.999956 90.193 -0.0253
3021.739192 90.103 0.0050
3043.635960 90.014 0.0543
3065.691401 89.924 0.1230
3087.906665 89.832 0.2120
3110.282909 89.738 0.3257
3132.821301 89.642 0.4680
3155.523016 89.544 0.6407
3178.389237 89.443 0.8473
3201.421155 89.340 1.0951
3224.619973 89.236 1.3949
3247.986898 89.134 1.7587
3271.523150 89.033 2.1996
3295.229956 88.938 2.7307
3319.108550 88.852 3.3584
3343.160179 88.779 4.0820
3367.386096 88.727 4.8931
3391.787563 88.697 5.7706
3416.365854 88.691 6.6852
3441.122250 88.709 7.6071
3466.058040 88.749 8.5090
3491.174525 88.808 9.3703
3516.473015 88.882 10.1774
3541.954828 88.966 10.9219
3567.621293 89.056 11.6007
3593.473747 89.149 12.2126
3619.513539 89.244 12.7607
3645.742027 89.338 13.2540
3672.160576 89.430 13.7008
3698.770566 89.520 14.1047
3725.573382 89.610 14.4667
3752.570422 89.701 14.7873
3779.763094 89.792 15.0697
3807.152816 89.886 15.3148
3834.741015 89.983 15.5197
3862.529129 90.084 15.6812
3890.518607 90.189 15.7957
3918.710909 90.298 15.8605
3947.107503 90.410 15.8745
3975.709871 90.525 15.8330
4004.519504 90.643 15.7292
4033.537903 90.764 15.5554
4062.766581 90.889 15.3041
4092.207063 91.018 14.9669
4121.860882 91.150 14.5320
4151.729585 91.283 13.9880
4181.814729 91.417 13.3257
4212.117883 91.548 12.5368
4242.640625 91.674 11.6144
4273.384548 91.792 10.5535
4304.351254 91.900 9.3497
4335.542358 91.993 8.0007
4366.959485 92.067 6.5106
4398.604273 92.120 4.8913
4430.478373 92.146 3.1613
4462.583446 92.141 1.3448
4494.921165 92.102 -0.5267
4527.493217 92.025 -2.4139
4560.301299 91.908 -4.2693
4593.347122 91.751 -6.0378
4626.632409 91.555 -7.6615
4660.158894 91.323 -9.0831
4693.928327 91.060 -10.2497
4727.942466 90.775 -11.1179
4762.203086 90.477 -11.6614
4796.711973 90.178 -11.8772
4831.470925 89.885 -11.7867
4866.481755 89.606 -11.4323
4901.746288 89.344 -10.8627
4937.266362 89.096 -10.1102
4973.043830 88.858 -9.1649
5009.080555 88.631 -7.9624
5045.378418 88.425 -6.4103
5081.939310 88.265 -4.4591
5118.765137 88.182 -2.1875
5155.857819 88.201 0.1667
5193.219290 88.319 2.2913
5230.851498 88.506 3.9597
5268.756404 88.727 5.1347
5306.935985 88.958 5.9190
5345.392231 89.193 6.4155
5384.127146 89.430 6.6407
5423.142751 89.660 6.5698
5462.441079 89.870 6.2524
5502.024179 90.068 5.8352
5541.894114 90.283 5.3197
5582.052963 90.517 4.3083
5622.502820 90.693 2.4965
5663.245793 90.739 0.2697
5704.284007 90.667 -1.8098
5745.619600 90.521 -3.5588
5787.254728 90.324 -5.0089
5829.191562 90.080 -6.1129
5871.432287 89.804 -6.8021
5913.979105 89.518 -7.0765
5956.834236 89.237 -6.9919
5999.999912 88.972 -6.6179
6043.478385 88.725 -6.0145
6087.271921 88.500 -5.2271
6131.382802 88.297 -4.2885
6175.813330 88.116 -3.2259
6220.565819 87.956 -2.0616
6265.642603 87.818 -0.8113
6311.046032 87.700 0.5115
6356.778473 87.603 1.8940
6402.842310 87.526 3.3267
6449.239945 87.469 4.7999
6495.973796 87.434 6.3052
6543.046300 87.419 7.8364
6590.459911 87.427 9.3857
6638.217100 87.458 10.9449
6686.320358 87.511 12.5074
6734.772191 87.589 14.0663
6783.575127 87.690 15.6108
6832.731709 87.818 17.1271
6882.244499 87.974 18.6015
6932.116080 88.160 20.0221
6982.349051 88.377 21.3729
7032.946030 88.629 22.6346
7083.909656 88.916 23.7826
7135.242586 89.243 24.7836
7186.947495 89.611 25.5961
7239.027079 90.023 26.1686
7291.484053 90.482 26.4348
7344.321152 90.988 26.3128
7397.541131 91.539 25.7021
7451.146763 92.129 24.4873
7505.140844 92.743 22.5440
7559.526189 93.359 19.7515
7614.305632 93.944 16.0208
7669.482029 94.455 11.3273
7725.058258 94.849 5.7395
7781.037214 95.086 -0.5581
7837.421817 95.137 -7.2686
7894.215007 94.986 -14.0167
7951.419743 94.640 -20.4115
8009.039008 94.118 -26.1163
8067.075806 93.455 -30.9027
8125.533163 92.692 -34.6671
8184.414126 91.873 -37.4164
8243.721764 91.036 -39.2307
8303.459170 90.207 -40.2292
8363.629458 89.407 -40.5437
8424.235765 88.647 -40.2974
8485.281250 87.934 -39.5977
8546.769096 87.273 -38.5350
8608.702508 86.664 -37.1835
8671.084715 86.106 -35.6055
8733.918969 85.597 -33.8546
8797.208547 85.133 -31.9771
8860.956746 84.715 -30.0119
8925.166891 84.337 -27.9912
8989.842330 83.997 -25.9421
9054.986433 83.690 -23.8878
9120.602598 83.413 -21.8447
9186.694244 83.162 -19.8254
9253.264817 82.936 -17.8383
9320.317788 82.733 -15.8837
9387.856653 82.549 -13.9545
9455.884932 82.384 -12.0425
9524.406173 82.237 -10.1434
9593.423946 82.108 -8.2540
9662.941850 81.996 -6.3687
9732.963510 81.901 -4.4818
9803.492576 81.823 -2.5947
9874.532725 81.764 -0.7110
9946.087659 81.722 1.1648
10018.161110 81.698 3.0199
10090.756835 81.693 4.8402
10163.878619 81.706 6.6135
10237.530273 81.741 8.3268
10311.715638 81.795 9.9629
10386.438580 81.869 11.5045
10461.702996 81.959 12.9348
10537.512808 82.064 14.2324
10613.871970 82.181 15.3804
10690.784461 82.305 16.3696
10768.254293 82.434 17.1950
10846.285502 82.561 17.8540
10924.882158 82.682 18.3513
11004.048358 82.792 18.7018
11083.788228 82.885 18.9308
11164.105927 82.957 19.0773
11245.005640 83.005 19.1898
11326.491587 83.028 19.3215
11408.568014 83.029 19.5286
11491.239200 83.013 19.8696
11574.509457 82.989 20.3989
11658.383123 82.967 21.1522
11742.864573 82.963 22.1289
11827.958211 82.994 23.2754
11913.668472 83.071 24.4794
11999.999825 83.197 25.6033
12086.956770 83.367 26.5344
12174.543841 83.574 27.2015
12262.765605 83.811 27.5391
12351.626659 84.071 27.4534
12441.131638 84.336 26.8356
12531.285206 84.580 25.6072
12622.092064 84.768 23.7675
12713.556946 84.866 21.4214
12805.684621 84.845 18.7770
12898.479890 84.691 16.1116
12991.947593 84.411 13.7166
13086.092601 84.023 11.8376
13180.919822 83.557 10.6343
13276.434201 83.046 10.1649
13372.640716 82.527 10.4015
13469.544383 82.040 11.2574
13567.150254 81.622 12.6154
13665.463417 81.317 14.3459
13764.488998 81.180 16.3183
13864.232160 81.302 18.4022
13964.698101 81.801 20.4658
14065.892060 82.720 22.3677
14167.819312 83.950 23.9421
14270.485171 85.310 24.9772
14373.894990 86.642 25.1967
14478.054158 87.834 24.2546
14582.968107 88.835 21.7733
14688.642305 89.645 17.4410
14795.082262 90.251 11.1366
14902.293527 90.594 3.0457
15010.281689 90.593 -6.2788
15119.052378 90.194 -15.9786
15228.611264 89.403 -25.0947
15338.964058 88.284 -32.8344
15450.116515 86.948 -38.7334
15562.074428 85.525 -42.6418
15674.843635 84.134 -44.6012
15788.430013 82.880 -44.8444
15902.839485 81.837 -43.9122
16018.078016 81.030 -42.4213
16134.151612 80.431 -40.7506
16251.066326 79.975 -39.0510
16368.828251 79.583 -37.3153
16487.443528 79.187 -35.3291
16606.918341 78.774 -32.6218
16727.258917 78.439 -28.7964
16848.471530 78.338 -24.4287
16970.562500 78.508 -21.1127
17093.538192 78.814 -19.8217
17217.405016 79.106 -20.3617
17342.169430 79.310 -22.1941
17467.837939 79.400 -24.9528
17594.417093 79.360 -28.4487
17721.913492 79.162 -32.5297
17850.333783 78.770 -36.9589
17979.684660 78.149 -41.3495
18109.972866 77.279 -45.1567
18241.205195 76.169 -47.7097
18373.388487 74.866 -48.2355
18506.529634 73.491 -45.9600
18640.635577 72.255 -40.6262
18775.713306 71.409 -33.6072
18911.769865 71.008 -27.7920
19048.812345 70.802 -24.8575
19186.847892 70.490 -23.9616
19325.883701 69.963 -23.3733
19465.927021 69.286 -22.0219
19606.985152 68.576 -19.7969
19749.065449 67.927 -17.1630
19892.175318 67.417 -14.6676
20036.322221 67.138 -12.9580
