20.00 83.226
20.36 83.221
20.73 83.215
21.11 83.210
21.50 83.204
21.89 83.199
22.29 83.193
22.69 83.188
23.10 83.182
23.52 83.176
23.95 83.170
24.39 83.163
24.83 83.157
25.28 83.150
25.74 83.143
26.21 83.135
26.69 83.128
27.18 83.120
27.67 83.112
28.17 83.103
28.69 83.094
29.21 83.085
29.74 83.075
30.28 83.065
30.83 83.055
31.39 83.044
31.97 83.032
32.55 83.021
33.14 83.008
33.74 82.996
34.36 82.982
34.98 82.969
35.62 82.954
36.27 82.939
36.93 82.924
37.60 82.908
38.28 82.891
38.98 82.874
39.69 82.856
40.41 82.837
41.15 82.817
41.90 82.797
42.66 82.776
43.44 82.754
44.23 82.731
45.03 82.707
45.85 82.682
46.68 82.656
47.53 82.630
48.40 82.602
49.28 82.573
50.18 82.543
51.09 82.512
52.02 82.479
52.97 82.446
53.93 82.410
54.91 82.374
55.91 82.336
56.93 82.297
57.97 82.256
59.02 82.214
60.09 82.170
61.19 82.124
62.30 82.077
63.44 82.028
64.59 81.977
65.77 81.925
66.96 81.870
68.18 81.813
69.42 81.755
70.69 81.694
71.97 81.631
73.28 81.566
74.62 81.499
75.97 81.430
77.36 81.358
78.76 81.284
80.20 81.207
81.66 81.129
83.14 81.048
84.66 80.964
86.20 80.879
87.77 80.791
89.36 80.701
90.99 80.609
92.65 80.515
94.33 80.419
96.05 80.321
97.80 80.222
99.58 80.121
101.39 80.019
103.23 79.915
105.11 79.810
107.03 79.704
108.97 79.595
110.96 79.486
112.98 79.375
115.03 79.262
117.13 79.148
119.26 79.032
121.43 78.914
123.64 78.795
125.89 78.675
128.18 78.554
130.51 78.432
132.89 78.310
135.31 78.187
137.77 78.065
140.28 77.942
142.83 77.820
145.43 77.697
148.07 77.576
150.77 77.455
153.51 77.335
156.31 77.216
159.15 77.098
162.05 76.981
165.00 76.866
168.00 76.751
171.06 76.638
174.17 76.527
177.34 76.416
180.57 76.308
183.86 76.200
187.20 76.095
190.61 75.991
194.08 75.888
197.61 75.787
201.21 75.688
204.87 75.591
208.60 75.496
212.39 75.403
216.26 75.312
220.19 75.224
224.20 75.138
228.28 75.054
232.44 74.973
236.67 74.894
240.97 74.818
245.36 74.745
249.82 74.675
254.37 74.607
259.00 74.542
263.71 74.479
268.51 74.419
273.40 74.361
278.38 74.304
283.44 74.250
288.60 74.197
293.85 74.145
299.20 74.094
304.65 74.044
310.19 73.996
315.84 73.948
321.59 73.901
327.44 73.855
333.40 73.811
339.47 73.768
345.64 73.727
351.93 73.688
358.34 73.652
364.86 73.620
371.50 73.592
378.26 73.569
385.15 73.551
392.16 73.539
399.29 73.533
406.56 73.533
413.96 73.540
421.49 73.552
429.16 73.570
436.97 73.593
444.93 73.619
453.02 73.648
461.27 73.680
469.66 73.713
478.21 73.746
486.91 73.779
495.78 73.812
504.80 73.844
513.99 73.875
523.34 73.906
532.87 73.936
542.56 73.966
552.44 73.995
562.49 74.026
572.73 74.056
583.15 74.087
593.77 74.120
604.57 74.152
615.57 74.186
626.78 74.221
638.18 74.256
649.80 74.293
661.63 74.330
673.67 74.367
685.93 74.404
698.41 74.441
711.12 74.478
724.06 74.514
737.24 74.548
750.66 74.581
764.32 74.612
778.23 74.640
792.39 74.665
806.82 74.688
821.50 74.709
836.45 74.728
851.67 74.746
867.17 74.763
882.96 74.781
899.02 74.800
915.39 74.822
932.05 74.848
949.01 74.877
966.28 74.912
983.87 74.953
1001.77 75.000
1020.00 75.054
1038.57 75.114
1057.47 75.180
1076.71 75.253
1096.31 75.330
1116.26 75.412
1136.58 75.497
1157.26 75.586
1178.32 75.678
1199.77 75.772
1221.60 75.868
1243.84 75.966
1266.47 76.065
1289.52 76.163
1312.99 76.262
1336.89 76.361
1361.22 76.459
1385.99 76.557
1411.22 76.655
1436.90 76.754
1463.05 76.855
1489.68 76.960
1516.79 77.070
1544.40 77.185
1572.50 77.309
1601.12 77.440
1630.26 77.580
1659.93 77.728
1690.14 77.883
1720.90 78.045
1752.22 78.212
1784.11 78.382
1816.58 78.553
1849.64 78.726
1883.30 78.897
1917.58 79.068
1952.48 79.238
1988.01 79.407
2024.19 79.577
2061.03 79.749
2098.54 79.925
2136.73 80.105
2175.62 80.291
2215.22 80.483
2255.53 80.680
2296.58 80.879
2338.38 81.079
2380.94 81.275
2424.27 81.464
2468.39 81.644
2513.31 81.811
2559.05 81.964
2605.63 82.102
2653.05 82.225
2701.33 82.334
2750.50 82.433
2800.55 82.522
2851.52 82.603
2903.42 82.678
2956.26 82.747
3010.06 82.809
3064.85 82.863
3120.62 82.908
3177.42 82.942
3235.25 82.964
3294.13 82.973
3354.08 82.969
3415.12 82.954
3477.27 82.928
3540.56 82.892
3605.00 82.848
3670.60 82.796
3737.41 82.736
3805.43 82.669
3874.68 82.596
3945.20 82.516
4017.00 82.431
4090.11 82.341
4164.55 82.246
4240.34 82.147
4317.51 82.047
4396.09 81.945
4476.10 81.844
4557.56 81.746
4640.50 81.652
4724.96 81.564
4810.95 81.484
4898.51 81.411
4987.66 81.347
5078.43 81.291
5170.86 81.244
5264.97 81.202
5360.79 81.165
5458.35 81.133
5557.69 81.103
5658.84 81.076
5761.82 81.052
5866.69 81.032
5973.46 81.015
6082.17 81.003
6192.87 80.996
6305.57 80.994
6420.33 80.996
6537.18 81.002
6656.15 81.011
6777.29 81.022
6900.63 81.035
7026.22 81.047
7154.10 81.058
7284.30 81.064
7416.87 81.063
7551.85 81.051
7689.29 81.026
7829.23 80.983
7971.72 80.920
8116.80 80.836
8264.53 80.730
8414.94 80.605
8568.09 80.464
8724.02 80.311
8882.79 80.149
9044.46 79.983
9209.06 79.813
9376.66 79.641
9547.31 79.468
9721.07 79.292
9897.99 79.112
10078.13 78.928
10261.55 78.738
10448.30 78.543
10638.45 78.341
10832.07 78.133
11029.21 77.920
11229.94 77.700
11434.32 77.476
11642.41 77.248
11854.30 77.016
12070.04 76.780
12289.71 76.542
12513.38 76.300
12741.12 76.058
12973.00 75.815
13209.10 75.573
13449.50 75.334
13694.28 75.097
13943.51 74.863
14197.27 74.631
14455.66 74.400
14718.74 74.170
14986.62 73.941
15259.37 73.712
15537.08 73.482
15819.85 73.252
16107.76 73.022
16400.92 72.791
16699.41 72.559
17003.33 72.326
17312.78 72.092
17627.86 71.857
17948.68 71.620
18275.34 71.382
18607.94 71.143
18946.60 70.902
19291.42 70.661
19642.52 70.421
20000.00 70.181