20.00 83.382
20.36 83.378
20.73 83.374
21.11 83.369
21.50 83.365
21.89 83.360
22.29 83.356
22.69 83.351
23.10 83.346
23.52 83.340
23.95 83.335
24.39 83.329
24.83 83.323
25.28 83.316
25.74 83.310
26.21 83.303
26.69 83.296
27.18 83.288
27.67 83.281
28.17 83.273
28.69 83.264
29.21 83.256
29.74 83.247
30.28 83.237
30.83 83.227
31.39 83.217
31.97 83.206
32.55 83.195
33.14 83.184
33.74 83.172
34.36 83.159
34.98 83.146
35.62 83.132
36.27 83.118
36.93 83.103
37.60 83.088
38.28 83.071
38.98 83.055
39.69 83.037
40.41 83.019
41.15 83.000
41.90 82.980
42.66 82.959
43.44 82.937
44.23 82.915
45.03 82.891
45.85 82.867
46.68 82.841
47.53 82.815
48.40 82.787
49.28 82.758
50.18 82.728
51.09 82.696
52.02 82.664
52.97 82.629
53.93 82.594
54.91 82.557
55.91 82.518
56.93 82.478
57.97 82.436
59.02 82.393
60.09 82.348
61.19 82.301
62.30 82.252
63.44 82.201
64.59 82.148
65.77 82.093
66.96 82.036
68.18 81.977
69.42 81.916
70.69 81.853
71.97 81.787
73.28 81.719
74.62 81.648
75.97 81.575
77.36 81.500
78.76 81.422
80.20 81.342
81.66 81.259
83.14 81.173
84.66 81.085
86.20 80.994
87.77 80.901
89.36 80.805
90.99 80.706
92.65 80.605
94.33 80.500
96.05 80.393
97.80 80.284
99.58 80.172
101.39 80.058
103.23 79.945
105.11 79.832
107.03 79.721
108.97 79.614
110.96 79.510
112.98 79.403
115.03 79.290
117.13 79.169
119.26 79.042
121.43 78.909
123.64 78.774
125.89 78.638
128.18 78.501
130.51 78.367
132.89 78.236
135.31 78.110
137.77 77.988
140.28 77.867
142.83 77.741
145.43 77.611
148.07 77.478
150.77 77.344
153.51 77.213
156.31 77.085
159.15 76.961
162.05 76.842
165.00 76.726
168.00 76.613
171.06 76.502
174.17 76.390
177.34 76.275
180.57 76.159
183.86 76.044
187.20 75.933
190.61 75.828
194.08 75.725
197.61 75.622
201.21 75.519
204.87 75.418
208.60 75.320
212.39 75.228
216.26 75.140
220.19 75.055
224.20 74.972
228.28 74.890
232.44 74.808
236.67 74.726
240.97 74.646
245.36 74.572
249.82 74.505
254.37 74.443
259.00 74.384
263.71 74.326
268.51 74.268
273.40 74.211
278.38 74.153
283.44 74.097
288.60 74.045
293.85 73.998
299.20 73.953
304.65 73.907
310.19 73.860
315.84 73.814
321.59 73.771
327.44 73.734
333.40 73.699
339.47 73.664
345.64 73.627
351.93 73.591
358.34 73.557
364.86 73.529
371.50 73.503
378.26 73.477
385.15 73.451
392.16 73.429
399.29 73.417
406.56 73.417
413.96 73.429
421.49 73.452
429.16 73.484
436.97 73.521
444.93 73.561
453.02 73.600
461.27 73.640
469.66 73.682
478.21 73.724
486.91 73.765
495.78 73.800
504.80 73.826
513.99 73.848
523.34 73.867
532.87 73.889
542.56 73.913
552.44 73.941
562.49 73.974
572.73 74.009
583.15 74.046
593.77 74.084
604.57 74.121
615.57 74.155
626.78 74.187
638.18 74.219
649.80 74.256
661.63 74.299
673.67 74.346
685.93 74.391
698.41 74.432
711.12 74.468
724.06 74.503
737.24 74.539
750.66 74.575
764.32 74.608
778.23 74.639
792.39 74.665
806.82 74.688
821.50 74.706
836.45 74.722
851.67 74.736
867.17 74.751
882.96 74.768
899.02 74.789
915.39 74.816
932.05 74.847
949.01 74.881
966.28 74.917
983.87 74.955
1001.77 75.000
1020.00 75.053
1038.57 75.114
1057.47 75.183
1076.71 75.261
1096.31 75.345
1116.26 75.433
1136.58 75.521
1157.26 75.611
1178.32 75.701
1199.77 75.792
1221.60 75.887
1243.84 75.988
1266.47 76.095
1289.52 76.208
1312.99 76.321
1336.89 76.430
1361.22 76.537
1385.99 76.641
1411.22 76.745
1436.90 76.850
1463.05 76.955
1489.68 77.063
1516.79 77.174
1544.40 77.294
1572.50 77.424
1601.12 77.567
1630.26 77.723
1659.93 77.892
1690.14 78.074
1720.90 78.263
1752.22 78.458
1784.11 78.655
1816.58 78.855
1849.64 79.055
1883.30 79.255
1917.58 79.452
1952.48 79.644
1988.01 79.832
2024.19 80.016
2061.03 80.196
2098.54 80.377
2136.73 80.566
2175.62 80.770
2215.22 80.990
2255.53 81.223
2296.58 81.466
2338.38 81.713
2380.94 81.956
2424.27 82.187
2468.39 82.401
2513.31 82.590
2559.05 82.752
2605.63 82.887
2653.05 82.999
2701.33 83.094
2750.50 83.177
2800.55 83.254
2851.52 83.329
2903.42 83.404
2956.26 83.478
3010.06 83.547
3064.85 83.609
3120.62 83.659
3177.42 83.692
3235.25 83.705
3294.13 83.700
3354.08 83.676
3415.12 83.637
3477.27 83.586
3540.56 83.529
3605.00 83.467
3670.60 83.399
3737.41 83.327
3805.43 83.248
3874.68 83.165
3945.20 83.078
4017.00 82.987
4090.11 82.892
4164.55 82.794
4240.34 82.692
4317.51 82.587
4396.09 82.480
4476.10 82.371
4557.56 82.264
4640.50 82.163
4724.96 82.069
4810.95 81.985
4898.51 81.914
4987.66 81.855
5078.43 81.807
5170.86 81.767
5264.97 81.732
5360.79 81.700
5458.35 81.668
5557.69 81.635
5658.84 81.603
5761.82 81.573
5866.69 81.548
5973.46 81.529
6082.17 81.517
6192.87 81.513
6305.57 81.513
6420.33 81.516
6537.18 81.519
6656.15 81.523
6777.29 81.526
6900.63 81.531
7026.22 81.538
7154.10 81.547
7284.30 81.559
7416.87 81.569
7551.85 81.576
7689.29 81.573
7829.23 81.549
7971.72 81.493
8116.80 81.399
8264.53 81.272
8414.94 81.121
8568.09 80.952
8724.02 80.773
8882.79 80.593
9044.46 80.418
9209.06 80.246
9376.66 80.078
9547.31 79.912
9721.07 79.745
9897.99 79.574
10078.13 79.396
10261.55 79.209
10448.30 79.012
10638.45 78.803
10832.07 78.585
11029.21 78.362
11229.94 78.135
11434.32 77.905
11642.41 77.673
11854.30 77.438
12070.04 77.199
12289.71 76.955
12513.38 76.705
12741.12 76.453
12973.00 76.203
13209.10 75.958
13449.50 75.717
13694.28 75.481
13943.51 75.249
14197.27 75.018
14455.66 74.788
14718.74 74.558
14986.62 74.326
15259.37 74.094
15537.08 73.861
15819.85 73.628
16107.76 73.395
16400.92 73.162
16699.41 72.928
17003.33 72.695
17312.78 72.462
17627.86 72.229
17948.68 71.994
18275.34 71.757
18607.94 71.516
18946.60 71.268
19291.42 71.013
19642.52 70.752
20000.00 70.489